<!DOCTYPE html>
<html><head data-gwd-animation-mode="proMode">
  <script data-source="custom.elements.min.js" type="text/javascript" src="custom.elements.min.js"></script>
  <title>My workspace</title>
  <meta http-equiv="Content-Type" content="text/html; charset=utf-8">
  <meta name="generator" content="Google Web Designer 1.2.1.0121">
  <style type="text/css">html,
body {
    width: 100%;
    height: 100%;
    margin: 0px;
}
body {
    -webkit-transform: matrix3d(1, 0, 0, 0, 0, 1, 0, 0, 0, 0, 1, 0, 0, 0, 0, 1);
    -moz-transform: matrix3d(1, 0, 0, 0, 0, 1, 0, 0, 0, 0, 1, 0, 0, 0, 0, 1);
    transform: matrix3d(1, 0, 0, 0, 0, 1, 0, 0, 0, 0, 1, 0, 0, 0, 0, 1);
    -webkit-perspective: 1400px;
    -moz-perspective: 1400px;
    perspective: 1400px;
    -webkit-transform-style: preserve-3d;
    -moz-transform-style: preserve-3d;
    transform-style: preserve-3d;
    background-color: transparent;
}
.gwd-iframe-02va {
    position: absolute;
    width: 200px;
    height: 140px;
    left: -126.1607142857px;
    top: 185px;
    border: none;
    color: rgb(0, 0, 0);
    -webkit-transform-origin: -31.3443566245px 67.7032160166px -175.4513494965px;
    -moz-transform-origin: -31.3443566245px 67.7032160166px -175.4513494965px;
    transform-origin: -31.3443566245px 67.7032160166px -175.4513494965px;
    -webkit-transform: matrix3d(-0.9999143276, -0.0130895956, 0, 0, -0.0130611066, 0.9977380528, 0.0659407724, 0, -0.0008631381, 0.0659351231, -0.9978235388, 0, 2090.1872429737, -315.3930018334, -12505.6486749977, 1);
    -moz-transform: matrix3d(-0.9999143276, -0.0130895956, 0, 0, -0.0130611066, 0.9977380528, 0.0659407724, 0, -0.0008631381, 0.0659351231, -0.9978235388, 0, 2090.1872429737, -315.3930018334, -12505.6486749977, 1);
    transform: matrix3d(-0.9999143276, -0.0130895956, 0, 0, -0.0130611066, 0.9977380528, 0.0659407724, 0, -0.0008631381, 0.0659351231, -0.9978235388, 0, 2090.1872429737, -315.3930018334, -12505.6486749977, 1);
    -webkit-transform-style: preserve-3d;
    -moz-transform-style: preserve-3d;
    transform-style: preserve-3d;
}
.gwd-div-6pek {
    position: absolute;
    width: 200px;
    height: 25.9964285714px;
    top: 242px;
    font-family: 'Times New Roman';
    text-align: left;
    left: 36px;
    -webkit-transform: matrix3d(-0.9999143276, 0.0130895956, 0, 0, -0.0130681433, -0.9982755868, 0.0572282824, 0, 0.0007490951, 0.0572233795, 0.9983611189, 0, 1867.65978059, 361.6454960188, 14914.2866848124, 1);
    -moz-transform: matrix3d(-0.9999143276, 0.0130895956, 0, 0, -0.0130681433, -0.9982755868, 0.0572282824, 0, 0.0007490951, 0.0572233795, 0.9983611189, 0, 1867.65978059, 361.6454960188, 14914.2866848124, 1);
    transform: matrix3d(-0.9999143276, 0.0130895956, 0, 0, -0.0130681433, -0.9982755868, 0.0572282824, 0, 0.0007490951, 0.0572233795, 0.9983611189, 0, 1867.65978059, 361.6454960188, 14914.2866848124, 1);
    -webkit-transform-style: preserve-3d;
    -moz-transform-style: preserve-3d;
    transform-style: preserve-3d;
}
.gwd-div-y6td {
    position: absolute;
    width: 210.1514210771px;
    height: 112.0071736148px;
    left: 161px;
    top: 50px;
    font-family: 'Times New Roman';
    text-align: left;
    color: rgb(0, 0, 0);
    -webkit-transform-origin: 140.9268541441px 53.9929062084px 0px;
    -moz-transform-origin: 140.9268541441px 53.9929062084px 0px;
    transform-origin: 140.9268541441px 53.9929062084px 0px;
    -webkit-transform: matrix3d(0.6174496552, 0, -0.7866104012, 0, -0.2818959566, 0.9335804265, -0.2212741669, 0, 0.7343640738, 0.3583679495, 0.5764389125, 0, 0, 0, 0, 1);
    -moz-transform: matrix3d(0.6174496552, 0, -0.7866104012, 0, -0.2818959566, 0.9335804265, -0.2212741669, 0, 0.7343640738, 0.3583679495, 0.5764389125, 0, 0, 0, 0, 1);
    transform: matrix3d(0.6174496552, 0, -0.7866104012, 0, -0.2818959566, 0.9335804265, -0.2212741669, 0, 0.7343640738, 0.3583679495, 0.5764389125, 0, 0, 0, 0, 1);
    -webkit-transform-style: preserve-3d;
    -moz-transform-style: preserve-3d;
    transform-style: preserve-3d;
}</style>
  <script data-source="gwdiframe_min.js" data-version="1" data-exports-type="gwd-iframe" type="text/javascript" src="gwdiframe_min.js"></script>
</head>

<body>
  <gwd_animation_label_element data-label-name="label-1" data-label-time="0" data-label-animation-class-name="label-1"></gwd_animation_label_element>
  <iframe is="gwd-iframe" id="gwd-iframe_1" source="" class="gwd-iframe-02va"></iframe>
  <div class="gwd-div-6pek">frame1
    <div>
      <br>
    </div>
  </div>
  <div class="gwd-div-y6td">test</div>


</body></html>
